X : 0.40049
Y : 0.40049
Z : 0.40049